SchoolYear,OrganizationLevel,County,DistrictCode,DistrictName,SchoolName,GradeLevel,All Students,Female,Gender X,Male,American Indian/ Alaskan Native,Asian,Black/ African American,Hispanic/ Latino of any race(s),Native Hawaiian/ Other Pacific Islander,Two or More Races,White,English Language Learners,Foster Care,Highly Capable,Homeless,Low-Income,Migrant,Military Parent,Mobile,Section 504,Students with Disabilities,Non-English Language Learners,Non-Foster Care,Non-Highly Capable,Non-Homeless,Non-Low Income,Non Migrant,Non Military Parent,Non Mobile,Non Section 504,Students without Disabilities
2019-20,District,Grays Harbor,14005,Aberdeen School District,District Total,12th Grade,302,175,0,127,14,6,3,78,2,14,185,23,0,14,20,174,7,4,32,14,63,279,299,288,282,128,295,298,270,288,239
2019-20,District,Lewis,21226,Adna School District,District Total,12th Grade,57,31,0,26,0,0,0,4,0,3,50,0,0,0,1,21,0,1,5,2,4,57,56,57,56,36,57,56,52,55,53
2019-20,District,Skagit,29103,Anacortes School District,District Total,12th Grade,229,110,0,119,1,16,3,22,0,4,183,1,0,0,4,57,0,13,9,20,15,228,227,229,225,172,229,216,220,209,214
2019-20,District,Snohomish,31016,Arlington School District,District Total,12th Grade,508,268,0,240,7,12,3,51,1,26,408,6,0,30,29,170,1,5,31,26,66,502,504,478,479,338,507,503,477,482,442
2019-20,District,Asotin,2420,Asotin-Anatone School District,District Total,12th Grade,44,18,0,26,0,1,0,2,0,2,39,0,0,0,3,15,0,1,0,2,1,44,44,44,41,29,44,43,44,42,43
2019-20,District,King,17408,Auburn School District,District Total,12th Grade,1405,684,0,721,20,149,127,363,49,103,594,148,0,125,19,695,0,12,105,46,167,1257,1399,1280,1386,710,1405,1393,1300,1359,1238
2019-20,District,Kitsap,18303,Bainbridge Island School District,District Total,12th Grade,377,167,0,210,1,9,2,35,0,35,295,10,0,48,2,33,0,7,6,95,28,367,377,329,375,344,377,370,371,282,349
2019-20,District,Pierce,27931,Bates Technical College,District Total,12th Grade,328,71,0,257,9,6,50,58,4,15,186,0,0,0,0,0,0,1,111,0,0,328,326,328,328,328,328,327,217,328,328
2019-20,District,Clark,6119,Battle Ground School District,District Total,12th Grade,1277,642,0,635,9,26,12,135,1,75,1019,62,0,1,57,402,0,9,87,71,156,1215,1272,1276,1220,875,1277,1268,1190,1206,1121
2019-20,District,King,17405,Bellevue School District,District Total,12th Grade,1798,883,2,913,4,646,60,211,0,166,711,117,0,208,29,335,1,12,46,195,196,1681,1797,1590,1769,1463,1797,1786,1752,1603,1602
2019-20,District,Whatcom,37501,Bellingham School District,District Total,12th Grade,924,452,0,472,6,70,18,144,5,72,609,38,0,85,42,277,6,5,61,113,90,886,919,839,882,647,918,919,863,811,834
2019-20,District,Pierce,27403,Bethel School District,District Total,12th Grade,1709,781,1,927,19,81,153,300,59,186,911,44,17,47,67,747,0,79,97,53,235,1665,1692,1662,1642,962,1709,1630,1612,1656,1474
2019-20,District,Klickitat,20203,Bickleton School District,District Total,12th Grade,10,5,0,5,0,0,0,4,0,1,5,0,0,0,0,6,1,0,0,0,0,10,10,10,10,4,9,10,10,10,10
2019-20,District,Whatcom,37503,Blaine School District,District Total,12th Grade,195,104,0,91,2,9,1,23,3,12,145,5,0,34,8,85,0,1,10,18,26,190,195,161,187,110,195,194,185,177,169
2019-20,District,Kitsap,18100,Bremerton School District,District Total,12th Grade,362,190,0,172,2,17,17,60,7,56,203,20,0,19,35,213,5,15,38,19,52,342,360,343,327,149,357,347,324,343,310
2019-20,District,Okanogan,24111,Brewster School District,District Total,12th Grade,66,33,0,33,1,0,0,55,0,0,10,13,0,0,0,54,12,0,2,4,8,53,66,66,66,12,54,66,64,62,58
2019-20,District,Douglas,9075,Bridgeport School District,District Total,12th Grade,60,25,0,35,1,0,0,56,0,1,2,12,0,2,4,57,8,0,3,0,3,48,60,58,56,3,52,60,57,60,57
2019-20,District,Skagit,29100,Burlington-Edison School District,District Total,12th Grade,266,134,0,132,2,5,2,101,2,9,145,32,0,38,14,116,14,1,17,10,37,234,262,228,252,150,252,265,249,256,229
2019-20,District,Clark,6117,Camas School District,District Total,12th Grade,630,308,1,321,5,42,12,45,3,45,478,6,0,1,11,90,0,6,8,43,75,624,629,629,619,540,630,624,622,587,555
2019-20,District,Clallam,5401,Cape Flattery School District,District Total,12th Grade,27,10,0,17,10,0,0,6,0,4,7,0,0,0,0,21,0,0,1,3,7,27,27,27,27,6,27,27,26,24,20
2019-20,District,Chelan,4228,Cascade School District,District Total,12th Grade,111,65,0,46,1,3,0,33,0,3,71,7,0,0,2,43,5,0,2,7,9,104,110,111,109,68,106,111,109,104,102
2019-20,District,Chelan,4222,CASHMERE SCHOOL DISTRICT,District Total,12th Grade,105,59,0,46,0,1,2,30,0,4,68,9,0,0,3,37,6,1,5,3,8,96,104,105,102,68,99,104,100,102,97
2019-20,District,Cowlitz,8401,Castle Rock School District,District Total,12th Grade,124,62,0,62,3,0,0,15,0,7,99,2,0,1,7,61,0,3,10,10,22,122,124,123,117,63,124,121,114,114,102
2019-20,District,Kitsap,18401,Central Kitsap School District,District Total,12th Grade,957,454,0,503,0,53,37,132,9,191,535,25,0,60,1,331,1,87,20,70,141,932,950,897,956,626,956,870,937,887,816
2019-20,District,Spokane,32356,Central Valley School District,District Total,12th Grade,1106,528,1,577,12,27,23,15,11,65,953,21,16,0,34,348,0,8,50,37,146,1085,1090,1106,1072,758,1106,1098,1056,1069,960
2019-20,District,Lewis,21401,Centralia School District,District Total,12th Grade,281,137,0,144,5,2,3,82,0,12,177,14,0,2,23,198,6,3,28,11,40,267,279,279,258,83,275,278,253,270,241
2019-20,District,Lewis,21302,Chehalis School District,District Total,12th Grade,366,149,1,216,5,11,27,64,3,21,235,16,0,28,13,132,7,5,57,10,91,350,359,338,353,234,359,361,309,356,275
2019-20,District,Spokane,32360,Cheney School District,District Total,12th Grade,328,166,0,162,6,6,4,42,3,23,244,5,0,31,7,136,1,13,14,9,50,323,325,297,321,192,327,315,314,319,278
2019-20,District,Stevens,33036,Chewelah School District,District Total,12th Grade,76,43,0,33,1,0,1,4,0,4,66,0,0,0,4,42,0,0,5,9,8,76,76,76,72,34,76,76,71,67,68
2019-20,District,Pierce,27901,Chief Leschi Schools,District Total,12th Grade,41,20,0,21,35,0,0,5,0,1,0,0,0,0,1,25,0,0,3,0,13,41,39,41,40,16,41,41,38,41,28
2019-20,District,Jefferson,16049,Chimacum School District,District Total,12th Grade,77,37,0,40,1,0,1,9,0,4,62,0,0,3,6,33,0,1,6,3,14,77,77,74,71,44,77,76,71,74,63
2019-20,District,Asotin,2250,Clarkston School District,District Total,12th Grade,267,138,0,129,14,2,2,22,0,7,220,2,0,7,16,131,0,3,26,13,33,265,266,260,251,136,267,264,241,254,234
2019-20,District,Kittitas,19404,Cle Elum-Roslyn School District,District Total,12th Grade,64,29,0,35,0,0,0,4,0,6,54,0,0,0,4,23,0,0,5,2,5,64,63,64,60,41,64,64,59,62,59
2019-20,District,Pierce,27400,Clover Park School District,District Total,12th Grade,697,355,0,342,5,38,82,212,35,86,239,56,0,27,29,400,0,124,92,11,94,641,688,670,668,297,697,573,605,686,603
2019-20,District,Whitman,38300,Colfax School District,District Total,12th Grade,45,19,0,26,0,0,0,0,0,2,43,0,0,1,4,13,0,0,3,0,8,45,45,44,41,32,45,45,42,45,37
2019-20,District,Walla Walla,36250,College Place School District,District Total,12th Grade,124,58,0,66,2,1,1,42,1,11,66,11,0,7,7,58,7,0,3,7,21,113,123,117,117,66,117,124,121,117,103
2019-20,District,Whitman,38306,Colton School District,District Total,12th Grade,11,6,0,5,0,1,0,1,0,0,9,0,0,0,1,0,0,0,0,0,0,11,11,11,10,11,11,11,11,11,11
2019-20,District,Stevens,33206,Columbia (Stevens) School District,District Total,12th Grade,8,3,0,5,1,1,0,2,0,1,3,0,0,0,2,6,0,0,0,0,2,8,8,8,6,2,8,8,8,8,6
2019-20,District,Walla Walla,36400,Columbia (Walla Walla) School District,District Total,12th Grade,51,29,0,22,0,0,1,12,0,3,35,3,0,0,3,19,2,1,0,1,7,48,51,51,48,32,49,50,51,50,44
2019-20,District,Stevens,33115,Colville School District,District Total,12th Grade,136,69,0,67,1,1,2,3,0,9,120,1,0,0,5,66,0,0,9,4,18,135,136,136,131,70,136,136,127,132,118
2019-20,District,Skagit,29011,Concrete School District,District Total,12th Grade,30,10,0,20,0,0,0,6,0,0,24,0,0,0,2,24,0,0,1,1,8,30,30,30,28,6,30,30,29,29,22
2019-20,District,Grant,13151,Coulee-Hartline School District,District Total,12th Grade,21,9,0,12,0,0,0,0,0,0,21,0,0,0,0,7,0,1,0,0,0,21,21,21,21,14,21,20,21,21,21
2019-20,District,Island,15204,Coupeville School District,District Total,12th Grade,101,51,0,50,0,1,2,12,1,13,72,1,0,0,7,33,3,3,7,9,17,100,101,101,94,68,98,98,94,92,84
2019-20,District,Clallam,5313,Crescent School District,District Total,12th Grade,20,12,0,8,2,0,0,1,0,3,14,0,0,0,1,16,0,0,0,0,4,20,18,20,19,4,20,20,20,20,16
2019-20,District,Lincoln,22073,Creston School District,District Total,12th Grade,6,2,0,4,0,0,0,0,0,0,6,0,0,0,0,3,0,0,0,0,3,6,6,6,6,3,6,6,6,6,3
2019-20,District,Ferry,10050,Curlew School District,District Total,12th Grade,19,10,0,9,0,0,1,0,1,2,15,0,0,0,1,6,0,0,3,1,1,19,18,19,18,13,19,19,16,18,18
2019-20,District,Pend Oreille,26059,Cusick School District,District Total,12th Grade,8,3,0,5,1,0,0,3,0,1,3,0,0,0,1,4,0,0,0,0,1,8,8,8,7,4,8,8,8,8,7
2019-20,District,Snohomish,31330,Darrington School District,District Total,12th Grade,35,18,0,17,2,0,0,1,0,4,28,1,0,0,2,12,0,0,3,0,13,34,35,35,33,23,35,35,32,35,22
2019-20,District,Lincoln,22207,Davenport School District,District Total,12th Grade,57,28,0,29,0,1,1,1,0,1,53,0,0,0,1,28,0,0,4,3,2,57,57,57,56,29,57,57,53,54,55
2019-20,District,Columbia,7002,Dayton School District,District Total,12th Grade,21,10,0,11,0,0,0,3,0,1,17,0,0,0,1,10,0,0,2,2,3,21,21,21,20,11,21,21,19,19,18
2019-20,District,Spokane,32414,Deer Park School District,District Total,12th Grade,201,103,0,98,7,2,3,6,0,3,180,1,0,78,9,87,0,2,9,15,9,200,198,123,192,114,201,199,192,186,192
2019-20,District,Spokane,32361,East Valley School District (Spokane),District Total,12th Grade,328,157,0,171,5,5,2,37,4,24,251,8,0,0,9,140,0,0,19,20,50,320,325,328,319,188,328,328,309,308,278
2019-20,District,Yakima,39090,East Valley School District (Yakima),District Total,12th Grade,201,97,0,104,2,2,1,96,1,2,97,16,0,0,12,114,16,2,8,6,29,185,198,201,189,87,185,199,193,195,172
2019-20,District,Douglas,9206,Eastmont School District,District Total,12th Grade,510,252,0,258,1,3,3,230,2,15,256,54,0,0,20,269,57,1,28,13,50,456,505,510,490,241,453,509,482,497,460
2019-20,District,Kittitas,19028,Easton School District,District Total,12th Grade,9,7,0,2,0,0,0,4,0,0,5,1,0,0,1,7,0,0,1,2,2,8,8,9,8,2,9,9,8,7,7
2019-20,District,Pierce,27404,Eatonville School District,District Total,12th Grade,148,76,1,71,0,0,2,16,0,3,127,1,0,0,2,56,0,6,8,5,20,147,146,148,146,92,148,142,140,143,128
2019-20,District,Snohomish,31015,Edmonds School District,District Total,12th Grade,1961,964,2,995,7,285,132,417,15,180,925,176,0,103,67,727,2,7,129,124,239,1785,1952,1858,1894,1234,1959,1954,1832,1837,1722
2019-20,District,Kittitas,19401,Ellensburg School District,District Total,12th Grade,258,128,1,129,6,3,1,40,1,9,198,14,0,10,8,93,3,3,10,21,32,244,256,248,250,165,255,255,248,237,226
2019-20,District,Grays Harbor,14068,Elma School District,District Total,12th Grade,141,70,0,71,1,0,2,24,0,12,102,4,0,0,2,102,1,0,9,8,27,137,141,141,139,39,140,141,132,133,114
2019-20,District,Chelan,4127,Entiat School District,District Total,12th Grade,22,5,0,17,0,0,0,8,0,2,12,2,0,1,0,7,0,0,1,1,5,20,22,21,22,15,22,22,21,21,17
2019-20,District,King,17216,Enumclaw School District,District Total,12th Grade,303,140,0,163,6,0,4,34,0,13,246,8,0,1,12,80,0,0,11,12,51,295,303,302,291,223,303,303,292,291,252
2019-20,District,Grant,13165,Ephrata School District,District Total,12th Grade,195,90,0,105,1,1,1,52,0,3,137,7,0,23,14,93,7,2,9,11,10,188,195,172,181,102,188,193,186,184,185
2019-20,District,Spokane,32801,ESD 101 acting as a school district,District Total,12th Grade,127,46,3,78,5,1,12,13,1,2,93,0,0,0,0,9,1,0,77,0,0,127,123,127,127,118,126,127,50,127,127
2019-20,District,Yakima,39801,ESD 105 acting as a school district,District Total,12th Grade,9,1,0,8,0,0,0,6,0,0,3,0,0,0,3,0,1,0,2,0,0,9,9,9,6,9,8,9,7,9,9
2019-20,District,Clark,6801,ESD 112 acting as a school district,District Total,12th Grade,104,43,1,60,0,0,4,18,2,5,75,0,0,0,0,0,0,1,88,0,0,104,103,104,104,104,104,103,16,104,104
2019-20,District,Thurston,34801,ESD 113 acting as a school district,District Total,12th Grade,307,142,1,164,18,5,5,27,5,21,226,0,0,0,58,0,0,3,134,0,0,307,300,307,249,307,307,304,173,307,307
2019-20,District,Kitsap,18801,ESD 114 acting as a school district,District Total,12th Grade,3,0,0,3,0,0,0,1,0,0,2,0,0,0,0,3,0,0,3,0,1,3,2,3,3,0,3,3,0,3,2
2019-20,District,Franklin,11801,ESD 123 acting as a school district,District Total,12th Grade,79,33,0,46,3,0,4,41,0,0,31,0,0,0,0,0,6,1,31,0,0,79,78,79,79,79,73,78,48,79,79
2019-20,District,Skagit,29801,ESD 189 acting as a school district,District Total,12th Grade,19,7,2,10,3,0,0,2,0,1,13,0,0,0,0,0,0,0,14,0,0,19,16,19,19,19,19,19,5,19,19
2019-20,District,Snohomish,31002,Everett School District,District Total,12th Grade,1434,707,1,726,11,199,62,308,13,94,747,116,0,70,102,332,2,0,58,104,195,1318,1430,1364,1332,1102,1432,1434,1376,1330,1239
2019-20,District,Clark,6114,Evergreen School District (Clark),District Total,12th Grade,2463,1179,2,1282,17,184,89,540,44,149,1440,169,0,136,104,1121,3,4,84,95,333,2294,2456,2327,2359,1342,2460,2459,2379,2368,2130
2019-20,District,King,17210,Federal Way School District,District Total,12th Grade,1873,958,1,914,17,244,265,503,107,195,542,228,0,169,66,1063,3,13,118,73,278,1645,1865,1704,1807,810,1870,1860,1755,1800,1595
2019-20,District,Whatcom,37502,Ferndale School District,District Total,12th Grade,391,202,0,189,27,13,5,70,0,24,252,16,0,169,7,160,6,2,26,29,61,375,390,222,384,231,385,389,365,362,330
2019-20,District,Pierce,27417,Fife School District,District Total,12th Grade,285,146,0,139,1,29,13,49,12,35,146,27,0,23,9,120,0,0,9,12,33,258,283,262,276,165,285,285,276,273,252
2019-20,District,Benton,3053,Finley School District,District Total,12th Grade,85,36,0,49,2,1,4,29,0,0,49,5,0,4,4,63,3,1,6,0,12,80,85,81,81,22,82,84,79,85,73
2019-20,District,Pierce,27402,Franklin Pierce School District,District Total,12th Grade,512,255,1,256,7,40,54,147,27,68,169,34,0,193,34,358,0,11,21,19,62,478,506,319,478,154,512,501,491,493,450
2019-20,District,Spokane,32358,Freeman School District,District Total,12th Grade,73,31,0,42,0,1,1,3,0,1,67,0,0,0,2,16,0,0,2,6,12,73,73,73,71,57,73,73,71,67,61
2019-20,District,Whitman,38302,Garfield School District,District Total,12th Grade,8,5,0,3,0,0,0,1,0,0,7,0,0,0,0,3,0,0,1,2,1,8,8,8,8,5,8,8,7,6,7
2019-20,District,Klickitat,20401,Glenwood School District,District Total,12th Grade,8,6,0,2,0,0,0,0,0,2,6,0,0,0,1,4,0,0,1,0,0,8,8,8,7,4,8,8,7,8,8
2019-20,District,Klickitat,20404,Goldendale School District,District Total,12th Grade,69,35,0,34,6,0,0,11,0,3,49,2,0,2,0,34,6,0,3,10,10,67,68,67,69,35,63,69,66,59,59
2019-20,District,Grant,13301,Grand Coulee Dam School District,District Total,12th Grade,61,29,0,32,27,0,0,9,0,8,17,5,0,4,1,45,9,0,7,1,8,56,61,57,60,16,52,61,54,60,53
2019-20,District,Yakima,39200,Grandview School District,District Total,12th Grade,276,140,0,136,0,0,0,255,0,0,21,76,0,0,21,222,36,2,6,4,39,200,276,276,255,54,240,274,270,272,237
2019-20,District,Yakima,39204,Granger School District,District Total,12th Grade,97,50,0,47,7,0,0,87,0,0,3,22,0,0,11,83,19,0,4,1,16,75,95,97,86,14,78,97,93,96,81
2019-20,District,Snohomish,31332,Granite Falls School District,District Total,12th Grade,260,125,0,135,8,2,5,27,1,16,201,7,0,11,65,123,0,3,12,13,44,253,259,249,195,137,260,257,248,247,216
2019-20,District,Lincoln,22204,Harrington School District,District Total,12th Grade,3,2,0,1,0,1,0,0,0,0,2,0,0,0,1,3,0,0,0,0,1,3,3,3,2,0,3,3,3,3,2
2019-20,District,Yakima,39203,Highland School District,District Total,12th Grade,89,43,0,46,0,0,0,68,0,2,19,15,0,9,5,70,13,1,3,3,8,74,89,80,84,19,76,88,86,86,81
2019-20,District,King,17401,Highline School District,District Total,12th Grade,1976,920,2,1054,24,329,293,757,67,91,415,372,0,62,118,1182,3,1,166,0,282,1604,1968,1914,1858,794,1973,1975,1810,1976,1694
2019-20,District,Clark,6098,Hockinson School District,District Total,12th Grade,178,85,0,93,1,5,1,8,0,5,158,0,0,32,0,23,0,1,7,10,10,178,178,146,178,155,178,177,171,168,168
2019-20,District,Grays Harbor,14028,Hoquiam School District,District Total,12th Grade,133,60,0,73,4,4,2,20,1,6,96,3,0,2,21,90,6,1,10,4,29,130,130,131,112,43,127,132,123,129,104
2019-20,District,Ferry,10070,Inchelium School District,District Total,12th Grade,16,12,0,4,13,0,0,0,0,2,1,4,0,0,0,9,0,0,1,0,2,12,16,16,16,7,16,16,15,16,14
2019-20,District,King,17411,Issaquah School District,District Total,12th Grade,1562,785,0,777,1,426,28,131,7,77,892,43,0,45,12,127,1,11,33,203,148,1519,1559,1517,1550,1435,1561,1551,1529,1359,1414
2019-20,District,Franklin,11056,Kahlotus School District,District Total,12th Grade,5,5,0,0,0,0,0,0,0,0,5,0,0,0,0,3,0,0,1,0,0,5,5,5,5,2,5,5,4,5,5
2019-20,District,Cowlitz,8402,Kalama School District,District Total,12th Grade,87,35,0,52,1,1,2,6,0,3,74,0,0,0,4,36,0,0,5,6,15,87,87,87,83,51,87,87,82,81,72
2019-20,District,Cowlitz,8458,Kelso School District,District Total,12th Grade,426,204,0,222,12,4,1,60,4,31,314,24,0,38,28,199,1,1,22,22,47,402,424,388,398,227,425,425,404,404,379
2019-20,District,Benton,3017,Kennewick School District,District Total,12th Grade,1444,677,1,766,14,32,37,534,5,59,763,114,0,0,45,771,218,3,101,41,155,1330,1437,1444,1399,673,1226,1441,1343,1403,1289
2019-20,District,King,17415,Kent School District,District Total,12th Grade,2171,1038,0,1133,16,439,298,457,50,166,745,250,0,23,35,1017,5,2,199,126,223,1921,2165,2148,2136,1154,2166,2169,1972,2045,1948
2019-20,District,Stevens,33212,Kettle Falls School District,District Total,12th Grade,107,56,0,51,6,3,1,11,0,6,80,1,0,9,6,53,0,3,16,3,12,106,104,98,101,54,107,104,91,104,95
2019-20,District,Benton,3052,Kiona-Benton City School District,District Total,12th Grade,96,44,1,51,0,0,0,34,0,0,62,13,0,0,2,47,14,0,7,5,9,83,95,96,94,49,82,96,89,91,87
2019-20,District,Kittitas,19403,Kittitas School District,District Total,12th Grade,62,30,0,32,0,1,0,13,0,1,47,3,0,0,6,30,1,0,0,0,6,59,62,62,56,32,61,62,62,62,56
2019-20,District,Klickitat,20402,Klickitat School District,District Total,12th Grade,7,4,0,3,0,0,0,0,0,2,5,0,0,0,0,2,0,0,0,0,2,7,7,7,7,5,7,7,7,7,5
2019-20,District,Clark,6101,La Center School District,District Total,12th Grade,139,72,0,67,1,2,0,7,0,3,126,2,0,0,2,27,0,1,12,14,12,137,139,139,137,112,139,138,127,125,127
2019-20,District,Skagit,29311,La Conner School District,District Total,12th Grade,39,19,0,20,7,2,0,9,0,4,17,4,0,4,1,17,7,1,4,3,4,35,39,35,38,22,32,38,35,36,35
2019-20,District,Whitman,38126,LaCrosse School District,District Total,12th Grade,5,3,0,2,0,0,0,0,0,0,5,0,0,0,1,0,0,0,0,0,0,5,5,5,4,5,5,5,5,5,5
2019-20,District,Chelan,4129,Lake Chelan School District,District Total,12th Grade,131,57,0,74,0,2,1,58,0,1,69,20,0,0,5,69,11,1,3,9,13,111,130,131,126,62,120,130,128,122,118
2019-20,District,Grays Harbor,14097,Lake Quinault School District,District Total,12th Grade,13,6,0,7,5,0,0,2,0,1,5,1,0,1,5,13,0,0,0,1,3,12,13,12,8,0,13,13,13,12,10
2019-20,District,Snohomish,31004,Lake Stevens School District,District Total,12th Grade,634,290,0,344,2,24,19,98,5,54,432,23,0,36,15,165,1,17,14,62,114,611,633,598,619,469,633,617,620,572,520
2019-20,District,King,17937,Lake Washington Institute of Technology,District Total,12th Grade,733,322,1,410,5,58,42,128,4,28,468,0,0,0,2,0,0,13,50,0,0,733,729,733,731,733,733,720,683,733,733
2019-20,District,King,17414,Lake Washington School District,District Total,12th Grade,2138,1017,0,1121,0,455,39,219,0,178,1247,44,0,83,5,229,0,4,63,219,147,2094,2136,2055,2133,1909,2138,2134,2075,1919,1991
2019-20,District,Snohomish,31306,Lakewood School District,District Total,12th Grade,197,98,0,99,1,6,1,33,1,20,135,4,0,12,5,49,0,2,9,19,25,193,197,185,192,148,197,195,188,178,172
2019-20,District,Spokane,32362,Liberty School District,District Total,12th Grade,31,13,0,18,0,0,0,0,0,0,31,0,0,0,0,9,0,0,3,2,4,31,31,31,31,22,31,31,28,29,27
2019-20,District,Adams,1158,Lind School District,District Total,12th Grade,9,7,0,2,0,0,0,4,0,1,4,0,0,0,4,7,0,0,1,1,0,9,9,9,5,2,9,9,8,8,9
2019-20,District,Cowlitz,8122,Longview School District,District Total,12th Grade,471,249,0,222,5,11,3,93,3,35,321,21,0,44,20,253,3,1,20,14,69,450,467,427,451,218,468,470,451,457,402
2019-20,District,San Juan,28144,Lopez School District,District Total,12th Grade,11,5,0,6,0,1,0,0,0,1,9,0,0,0,1,2,0,0,0,3,1,11,11,11,10,9,11,11,11,8,10
2019-20,District,Whatcom,37903,Lummi Tribal Agency,District Total,12th Grade,26,9,0,17,23,0,0,2,0,1,0,0,0,0,0,24,1,0,3,0,10,26,26,26,26,2,25,26,23,26,16
2019-20,District,Klickitat,20406,Lyle School District,District Total,12th Grade,22,14,0,8,2,0,0,7,0,1,12,3,0,0,4,18,1,0,2,0,1,19,21,22,18,4,21,22,20,22,21
2019-20,District,Whatcom,37504,Lynden School District,District Total,12th Grade,247,123,0,124,1,7,3,56,0,18,162,16,0,4,2,81,3,0,9,14,36,231,247,243,245,166,244,247,238,233,211
2019-20,District,Yakima,39120,Mabton School District,District Total,12th Grade,57,33,0,24,0,0,0,56,0,0,1,24,0,0,7,56,23,0,0,1,8,33,57,57,50,1,34,57,57,56,49
2019-20,District,Douglas,9207,Mansfield School District,District Total,12th Grade,10,3,0,7,0,1,0,1,0,1,7,0,0,0,0,6,0,0,0,0,2,10,10,10,10,4,10,10,10,10,8
2019-20,District,Chelan,4019,Manson School District,District Total,12th Grade,47,18,0,29,1,0,0,33,0,0,13,2,0,0,2,36,4,0,2,2,4,45,47,47,45,11,43,47,45,45,43
2019-20,District,Mason,23311,Mary M Knight School District,District Total,12th Grade,61,33,0,28,0,1,1,5,3,4,47,0,0,0,1,19,0,0,12,9,5,61,61,61,60,42,61,61,49,52,56
2019-20,District,Stevens,33207,Mary Walker School District,District Total,12th Grade,51,22,0,29,3,2,0,5,0,4,37,2,0,4,6,30,0,0,5,1,9,49,50,47,45,21,51,51,46,50,42
2019-20,District,Snohomish,31025,Marysville School District,District Total,12th Grade,829,399,4,426,44,48,14,192,6,78,447,60,0,63,47,364,15,8,68,36,111,769,826,766,782,465,814,821,761,793,718
2019-20,District,Spokane,32354,Mead School District,District Total,12th Grade,957,474,0,483,7,19,10,69,12,70,770,33,0,92,39,266,1,14,24,19,125,924,948,865,918,691,956,943,933,938,832
2019-20,District,Spokane,32326,Medical Lake School District,District Total,12th Grade,129,61,0,68,1,0,5,15,0,11,97,1,0,4,3,47,0,17,2,7,16,128,128,125,126,82,129,112,127,122,113
2019-20,District,King,17400,Mercer Island School District,District Total,12th Grade,373,172,2,199,1,76,2,17,1,33,243,3,0,79,0,18,0,0,4,60,53,370,372,294,373,355,373,373,369,313,320
2019-20,District,Whatcom,37505,Meridian School District,District Total,12th Grade,130,57,0,73,2,12,1,24,0,6,85,6,0,9,2,40,2,0,10,13,9,124,130,121,128,90,128,130,120,117,121
2019-20,District,Okanogan,24350,Methow Valley School District,District Total,12th Grade,45,25,0,20,0,0,0,3,0,2,40,1,0,0,1,15,0,0,3,3,4,44,45,45,44,30,45,45,42,42,41
2019-20,District,Skamania,30031,Mill A School District,District Total,12th Grade,1,0,0,1,0,0,0,0,0,0,1,0,0,0,0,0,0,1,0,0,0,1,1,1,1,1,1,0,1,1,1
2019-20,District,Snohomish,31103,Monroe School District,District Total,12th Grade,897,447,1,449,8,13,38,171,2,51,614,17,0,0,11,223,0,3,123,41,71,880,895,897,886,674,897,894,774,856,826
2019-20,District,Grays Harbor,14066,Montesano School District,District Total,12th Grade,122,57,0,65,1,1,0,17,0,10,93,3,0,6,1,42,0,0,8,7,19,119,121,116,121,80,122,122,114,115,103
2019-20,District,Lewis,21214,Morton School District,District Total,12th Grade,33,17,0,16,2,1,0,4,0,1,25,0,0,1,2,21,0,0,4,2,3,33,32,32,31,12,33,33,29,31,30
2019-20,District,Grant,13161,Moses Lake School District,District Total,12th Grade,594,315,0,279,3,2,8,295,0,12,274,24,0,64,2,300,32,0,54,17,61,570,592,530,592,294,562,594,540,577,533
2019-20,District,Lewis,21206,Mossyrock School District,District Total,12th Grade,41,17,0,24,1,1,0,8,0,0,31,0,0,0,2,26,2,0,0,1,4,41,41,41,39,15,39,41,41,40,37
2019-20,District,Yakima,39209,Mount Adams School District,District Total,12th Grade,60,26,0,34,26,0,0,27,0,5,2,19,0,2,11,58,6,0,5,5,7,41,59,58,49,2,54,60,55,55,53
2019-20,District,Whatcom,37507,Mount Baker School District,District Total,12th Grade,98,51,0,47,6,2,0,16,0,2,72,4,0,14,12,44,1,0,7,1,11,94,98,84,86,54,97,98,91,97,87
2019-20,District,Skagit,29320,Mount Vernon School District,District Total,12th Grade,725,328,0,397,7,17,15,328,5,9,344,67,0,29,7,354,93,3,55,24,52,658,722,696,718,371,632,722,670,701,673
2019-20,District,King,17903,Muckleshoot Indian Tribe,District Total,12th Grade,46,23,0,23,42,0,0,1,0,2,1,0,0,0,0,31,1,0,4,0,2,46,46,46,46,15,45,46,42,46,44
2019-20,District,Snohomish,31006,Mukilteo School District,District Total,12th Grade,1216,588,0,628,12,205,85,340,17,94,463,141,0,49,31,512,3,0,60,55,189,1075,1212,1167,1185,704,1213,1216,1156,1161,1027
2019-20,District,Yakima,39003,Naches Valley School District,District Total,12th Grade,109,52,0,57,1,1,0,15,0,3,89,4,0,3,0,50,4,2,5,6,13,105,109,106,109,59,105,107,104,103,96
2019-20,District,Lewis,21014,Napavine School District,District Total,12th Grade,67,32,0,35,1,0,0,9,0,1,56,0,0,4,3,26,0,3,2,0,5,67,65,63,64,41,67,64,65,67,62
2019-20,District,Pacific,25155,Naselle-Grays River Valley School District,District Total,12th Grade,68,11,0,57,2,1,10,14,1,6,34,7,0,0,1,34,3,0,33,5,17,61,66,68,67,34,65,68,35,63,51
2019-20,District,Pend Oreille,26056,Newport School District,District Total,12th Grade,90,32,0,58,1,1,0,4,0,7,77,0,0,6,15,55,0,0,6,11,11,90,89,84,75,35,90,90,84,79,79
2019-20,District,Spokane,32325,Nine Mile Falls School District,District Total,12th Grade,112,56,0,56,0,0,1,2,1,6,102,0,0,0,1,29,0,4,3,2,6,112,112,112,111,83,112,108,109,110,106
2019-20,District,Whatcom,37506,Nooksack Valley School District,District Total,12th Grade,113,50,0,63,1,1,0,33,0,3,75,4,0,0,5,52,3,1,7,4,14,109,113,113,108,61,110,112,106,109,99
2019-20,District,Grays Harbor,14064,North Beach School District No. 64,District Total,12th Grade,48,20,1,27,3,1,1,6,0,0,37,0,0,7,12,27,0,0,7,1,7,48,46,41,36,21,48,48,41,47,41
2019-20,District,Franklin,11051,North Franklin School District,District Total,12th Grade,161,71,0,90,0,2,5,103,1,3,47,32,0,2,0,104,32,1,5,1,18,129,161,159,161,57,129,160,156,160,143
2019-20,District,Kitsap,18400,North Kitsap School District,District Total,12th Grade,452,240,0,212,22,17,2,45,0,48,318,15,0,77,8,118,5,25,15,17,48,437,452,375,444,334,447,427,437,435,404
2019-20,District,Mason,23403,North Mason School District,District Total,12th Grade,209,96,0,113,4,2,1,33,1,9,159,19,0,5,20,101,1,12,17,13,27,190,209,204,189,108,208,197,192,196,182
2019-20,District,Pacific,25200,North River School District,District Total,12th Grade,3,3,0,0,0,0,0,0,0,0,3,0,0,0,0,1,0,0,0,0,1,3,3,3,3,2,3,3,3,3,2
2019-20,District,Thurston,34003,North Thurston Public Schools,District Total,12th Grade,1125,529,1,595,22,89,75,216,32,148,543,45,0,19,71,470,2,125,46,90,141,1080,1119,1106,1054,655,1123,1000,1079,1035,984
2019-20,District,Stevens,33211,Northport School District,District Total,12th Grade,21,7,0,14,0,0,0,2,0,0,19,0,0,0,2,15,0,0,0,0,2,21,21,21,19,6,21,21,21,21,19
2019-20,District,King,17417,Northshore School District,District Total,12th Grade,1637,809,3,825,4,275,37,207,6,124,984,60,0,123,8,11,0,0,38,183,201,1577,1636,1514,1629,1626,1637,1637,1599,1454,1436
2019-20,District,Island,15201,Oak Harbor School District,District Total,12th Grade,453,226,2,225,3,44,21,71,1,33,280,17,0,23,26,157,2,117,17,37,71,436,452,430,427,296,451,336,436,416,382
2019-20,District,Whitman,38324,Oakesdale School District,District Total,12th Grade,12,8,0,4,0,0,0,0,0,0,12,0,0,0,0,5,0,0,0,0,0,12,11,12,12,7,12,12,12,12,12
2019-20,District,Grays Harbor,14400,Oakville School District,District Total,12th Grade,14,6,0,8,5,0,0,2,0,1,6,3,0,0,1,11,0,0,0,0,1,11,14,14,13,3,14,14,14,14,13
2019-20,District,Pacific,25101,Ocean Beach School District,District Total,12th Grade,85,42,0,43,3,1,0,9,0,5,67,4,0,0,30,54,6,2,5,9,21,81,84,85,55,31,79,83,80,76,64
2019-20,District,Grays Harbor,14172,Ocosta School District,District Total,12th Grade,44,25,0,19,3,0,0,10,0,9,22,0,0,0,9,34,2,1,4,3,6,44,44,44,35,10,42,43,40,41,38
2019-20,District,Lincoln,22105,Odessa School District,District Total,12th Grade,24,10,0,14,0,0,0,1,0,0,23,0,0,0,0,9,0,0,0,4,0,24,24,24,24,15,24,24,24,20,24
2019-20,District,Thurston,34974,Office of the Governor (Sch for Blind),District Total,12th Grade,11,4,0,7,0,1,0,3,1,0,6,2,0,0,0,9,0,0,0,0,11,9,11,11,11,2,11,11,11,11,0
2019-20,District,Okanogan,24105,Okanogan School District,District Total,12th Grade,103,51,1,51,9,0,1,24,0,16,53,11,0,0,18,66,3,0,13,3,11,92,103,103,85,37,100,103,90,100,92
2019-20,District,Thurston,34111,Olympia School District,District Total,12th Grade,860,433,0,427,2,78,23,87,2,72,596,21,0,2,14,211,1,10,29,60,93,839,853,858,846,649,859,850,831,800,767
2019-20,District,Okanogan,24019,Omak School District,District Total,12th Grade,355,201,0,154,37,11,15,35,2,8,247,0,0,3,9,253,3,2,35,30,61,355,354,352,346,102,352,353,320,325,294
2019-20,District,Lewis,21300,Onalaska School District,District Total,12th Grade,52,27,0,25,0,1,0,5,0,4,42,2,0,0,2,31,0,0,0,3,3,50,52,52,50,21,52,52,52,49,49
2019-20,District,San Juan,28137,Orcas Island School District,District Total,12th Grade,42,18,0,24,0,0,0,10,0,3,29,4,0,0,0,21,0,0,1,4,8,38,42,42,42,21,42,42,41,38,34
2019-20,District,Okanogan,24410,Oroville School District,District Total,12th Grade,31,10,0,21,1,0,0,12,0,0,18,2,0,0,1,24,0,0,1,2,1,29,31,31,30,7,31,31,30,29,30
2019-20,District,Pierce,27344,Orting School District,District Total,12th Grade,190,92,0,98,1,2,1,36,1,12,137,7,0,0,10,63,0,1,6,8,16,183,188,190,180,127,190,189,184,182,174
2019-20,District,Adams,1147,Othello School District,District Total,12th Grade,321,144,0,177,1,0,1,272,0,1,46,78,0,2,1,240,39,1,14,8,50,243,321,319,320,81,282,320,307,313,271
2019-20,District,Whitman,38301,Palouse School District,District Total,12th Grade,10,3,0,7,0,0,0,0,0,0,10,0,0,0,0,1,0,0,0,0,1,10,10,10,10,9,10,10,10,10,9
2019-20,District,Franklin,11001,Pasco School District,District Total,12th Grade,1445,699,0,746,5,21,20,1051,3,34,311,323,0,66,19,1029,121,7,89,54,189,1122,1442,1379,1426,416,1324,1438,1356,1391,1256
2019-20,District,Okanogan,24122,Pateros School District,District Total,12th Grade,24,15,0,9,0,0,0,10,0,1,13,0,0,2,3,19,2,0,0,0,5,24,24,22,21,5,22,24,24,24,19
2019-20,District,Lewis,21301,Pe Ell School District,District Total,12th Grade,22,11,0,11,1,0,0,2,0,1,18,0,0,0,2,9,0,0,0,2,4,22,22,22,20,13,22,22,22,20,18
2019-20,District,Pierce,27401,Peninsula School District,District Total,12th Grade,789,385,0,404,5,13,3,65,2,69,632,11,0,35,28,161,0,19,40,64,97,778,788,754,761,628,789,770,749,725,692
2019-20,District,Garfield,12110,Pomeroy School District,District Total,12th Grade,23,13,0,10,0,1,0,0,0,1,21,0,0,16,0,7,0,0,0,0,3,23,23,7,23,16,23,23,23,23,20
2019-20,District,Clallam,5121,Port Angeles School District,District Total,12th Grade,307,153,3,151,11,9,1,26,0,36,224,5,0,31,8,142,1,0,19,24,37,302,306,276,299,165,306,307,288,283,270
2019-20,District,Jefferson,16050,Port Townsend School District,District Total,12th Grade,87,40,0,47,1,4,2,5,0,5,70,4,0,2,4,38,0,1,3,6,9,83,87,85,83,49,87,86,84,81,78
2019-20,District,Walla Walla,36402,Prescott School District,District Total,12th Grade,20,11,0,9,0,0,0,19,0,0,1,2,0,0,0,20,1,0,1,0,0,18,20,20,20,0,19,20,19,20,20
2019-20,District,Benton,3116,Prosser School District,District Total,12th Grade,216,104,0,112,0,3,2,137,1,5,68,20,0,7,6,146,47,1,9,8,32,196,216,209,210,70,169,215,207,208,184
2019-20,District,Whitman,38267,Pullman School District,District Total,12th Grade,208,89,1,118,2,25,7,15,2,14,143,2,0,14,2,58,1,2,3,16,15,206,207,194,206,150,207,206,205,192,193
2019-20,District,Pierce,27003,Puyallup School District,District Total,12th Grade,1865,942,0,923,19,120,101,310,35,191,1089,74,12,112,47,644,2,53,84,181,287,1791,1853,1753,1818,1221,1863,1812,1781,1684,1578
2019-20,District,Jefferson,16048,Quilcene School District,District Total,12th Grade,20,11,0,9,2,0,0,1,0,2,15,0,0,0,0,11,0,0,2,1,4,20,20,20,20,9,20,20,18,19,16
2019-20,District,Clallam,5903,Quileute Tribal School District,District Total,12th Grade,8,2,0,6,8,0,0,0,0,0,0,0,0,0,0,8,0,0,1,0,3,8,8,8,8,0,8,8,7,8,5
2019-20,District,Clallam,5402,Quillayute Valley School District,District Total,12th Grade,935,553,0,382,9,24,32,197,10,99,564,27,0,3,26,429,4,27,172,63,151,908,931,932,909,506,931,908,763,872,784
2019-20,District,Grant,13144,Quincy School District,District Total,12th Grade,212,107,0,105,0,2,2,179,0,0,29,44,0,0,9,168,27,0,13,13,20,168,211,212,203,44,185,212,199,199,192
2019-20,District,Thurston,34307,Rainier School District,District Total,12th Grade,60,36,0,24,0,1,0,6,0,4,49,0,0,9,0,25,0,3,1,3,6,60,59,51,60,35,60,57,59,57,54
2019-20,District,Pacific,25116,Raymond School District,District Total,12th Grade,39,17,0,22,0,5,0,13,1,0,20,5,0,2,6,26,0,0,1,0,5,34,39,37,33,13,39,39,38,39,34
2019-20,District,Lincoln,22009,Reardan-Edwall School District,District Total,12th Grade,56,28,0,28,0,0,0,3,0,5,48,0,0,0,0,13,0,0,3,0,7,56,55,56,56,43,56,56,53,56,49
2019-20,District,King,17403,Renton School District,District Total,12th Grade,1139,534,1,604,3,330,162,278,10,62,294,89,12,1,40,566,4,1,92,67,145,1050,1127,1138,1099,573,1135,1138,1047,1072,994
2019-20,District,Ferry,10309,Republic School District,District Total,12th Grade,19,7,0,12,1,0,0,1,0,2,15,0,0,0,3,14,0,0,1,0,1,19,19,19,16,5,19,19,18,19,18
2019-20,District,Benton,3400,Richland School District,District Total,12th Grade,1125,572,1,552,6,40,20,184,1,45,829,34,0,56,22,359,12,4,48,0,122,1091,1121,1069,1103,766,1113,1121,1077,1125,1003
2019-20,District,Clark,6122,Ridgefield School District,District Total,12th Grade,220,108,0,112,2,4,1,22,1,13,177,4,0,10,5,52,0,3,10,9,25,216,220,210,215,168,220,217,210,211,195
2019-20,District,Adams,1160,Ritzville School District,District Total,12th Grade,36,23,0,13,0,0,0,2,0,3,31,0,0,0,2,11,0,0,3,2,0,36,36,36,34,25,36,36,33,34,36
2019-20,District,Spokane,32416,Riverside School District,District Total,12th Grade,109,50,0,59,1,1,2,5,0,0,100,0,0,7,4,52,0,0,6,6,10,109,108,102,105,57,109,109,103,103,99
2019-20,District,King,17407,Riverview School District,District Total,12th Grade,245,112,0,133,3,8,0,25,2,12,195,1,0,0,2,25,0,1,4,17,29,244,245,245,243,220,245,244,241,228,216
2019-20,District,Thurston,34401,Rochester School District,District Total,12th Grade,160,78,0,82,5,2,1,30,0,10,112,6,0,5,11,77,0,4,13,8,27,154,159,155,149,83,160,156,147,152,133
2019-20,District,Whitman,38320,Rosalia School District,District Total,12th Grade,13,4,0,9,0,0,0,0,0,0,13,0,0,0,0,9,0,0,0,0,4,13,12,13,13,4,13,13,13,13,9
2019-20,District,Grant,13160,Royal School District,District Total,12th Grade,112,55,0,57,0,0,0,93,0,0,19,23,0,8,8,63,6,0,3,10,7,89,112,104,104,49,106,112,109,102,105
2019-20,District,San Juan,28149,San Juan Island School District,District Total,12th Grade,88,39,0,49,1,2,1,14,0,1,69,5,0,0,0,38,2,0,1,2,7,83,88,88,88,50,86,88,87,86,81
2019-20,District,King,17001,Seattle School District No. 1,District Total,12th Grade,4083,1982,6,2095,33,708,729,562,21,346,1684,471,25,345,249,1612,48,10,177,305,653,3612,4058,3738,3834,2471,4035,4073,3906,3778,3430
2019-20,District,Skagit,29101,Sedro-Woolley School District,District Total,12th Grade,396,164,0,232,15,3,7,93,3,17,258,32,0,0,34,224,12,2,36,21,81,364,391,396,362,172,384,394,360,375,315
2019-20,District,Yakima,39119,Selah School District,District Total,12th Grade,352,180,0,172,3,4,1,103,0,4,237,19,0,27,2,172,15,6,21,12,53,333,351,325,350,180,337,346,331,340,299
2019-20,District,Pend Oreille,26070,Selkirk School District,District Total,12th Grade,22,13,0,9,0,1,0,1,0,1,19,0,0,0,1,9,0,0,0,0,5,22,22,22,21,13,22,22,22,22,17
2019-20,District,Clallam,5323,Sequim School District,District Total,12th Grade,190,102,0,88,4,5,0,22,0,8,151,3,0,15,7,68,1,0,5,16,26,187,188,175,183,122,189,190,185,174,164
2019-20,District,Mason,23309,Shelton School District,District Total,12th Grade,464,219,1,244,18,5,7,115,1,42,276,40,0,0,68,278,17,3,48,51,57,424,457,464,396,186,447,461,416,413,407
2019-20,District,King,17412,Shoreline School District,District Total,12th Grade,763,371,0,392,2,103,69,107,4,87,391,35,0,1,14,241,1,0,21,102,95,728,757,762,749,522,762,763,742,661,668
2019-20,District,King,17404,Skykomish School District,District Total,12th Grade,3,2,0,1,0,0,0,0,0,0,3,0,0,1,0,3,0,0,0,0,2,3,3,2,3,0,3,3,3,3,1
2019-20,District,Snohomish,31201,Snohomish School District,District Total,12th Grade,922,431,0,491,5,34,7,100,3,48,725,15,0,384,15,162,11,5,23,88,118,907,920,538,907,760,911,917,899,834,804
2019-20,District,King,17410,Snoqualmie Valley School District,District Total,12th Grade,493,235,0,258,4,24,3,26,4,18,414,4,0,0,4,54,0,5,17,36,56,489,492,493,489,439,493,488,476,457,437
2019-20,District,Grant,13156,Soap Lake School District,District Total,12th Grade,37,15,0,22,0,0,4,9,0,0,24,5,0,0,4,32,2,2,2,1,4,32,37,37,33,5,35,35,35,36,33
2019-20,District,Pacific,25118,South Bend School District,District Total,12th Grade,37,18,0,19,1,1,0,17,0,8,10,4,0,0,4,27,1,0,1,2,7,33,36,37,33,10,36,37,36,35,30
2019-20,District,Kitsap,18402,South Kitsap School District,District Total,12th Grade,707,347,0,360,9,24,6,87,16,78,487,5,0,45,26,244,0,36,41,35,99,702,704,662,681,463,707,671,666,672,608
2019-20,District,Island,15206,South Whidbey School District,District Total,12th Grade,117,54,0,63,0,4,1,3,0,7,102,1,0,0,7,26,0,1,3,6,17,116,116,117,110,91,117,116,114,111,100
2019-20,District,Spokane,32081,Spokane School District,District Total,12th Grade,2191,1039,0,1152,35,85,84,208,32,243,1504,147,24,1,154,1160,3,17,94,119,388,2044,2167,2190,2037,1031,2188,2174,2097,2072,1803
2019-20,District,Lincoln,22008,Sprague School District,District Total,12th Grade,8,2,0,6,0,0,0,1,0,0,7,0,0,0,1,5,0,0,0,3,3,8,8,8,7,3,8,8,8,5,5
2019-20,District,Whitman,38322,St. John School District,District Total,12th Grade,20,7,0,13,0,0,1,0,0,0,19,0,0,0,0,9,0,0,0,0,0,20,20,20,20,11,20,20,20,20,20
2019-20,District,Snohomish,31401,Stanwood-Camano School District,District Total,12th Grade,407,209,0,198,4,4,6,39,2,32,320,8,0,13,17,108,1,14,24,19,73,399,405,394,390,299,406,393,383,388,334
2019-20,District,Pierce,27001,Steilacoom Hist. School District,District Total,12th Grade,256,130,0,126,1,33,16,38,7,41,120,9,0,19,2,55,0,49,10,9,27,247,255,237,254,201,256,207,246,247,229
2019-20,District,Skamania,30303,Stevenson-Carson School District,District Total,12th Grade,66,33,0,33,1,2,0,6,0,3,54,0,0,7,5,32,0,0,2,5,11,66,64,59,61,34,66,66,64,61,55
2019-20,District,Snohomish,31311,Sultan School District,District Total,12th Grade,142,65,0,77,3,1,1,29,0,5,103,4,0,0,0,57,1,0,4,4,30,138,141,142,142,85,141,142,138,138,112
2019-20,District,Pierce,27905,Summit Public School: Olympus,District Total,12th Grade,38,19,1,18,1,1,6,14,2,8,6,4,0,0,0,25,0,0,0,2,11,34,37,38,38,13,38,38,38,36,27
2019-20,District,King,17902,Summit Public School: Sierra,District Total,12th Grade,75,34,0,41,0,9,29,7,0,11,19,5,0,2,0,28,0,0,7,11,11,70,73,73,75,47,75,75,68,64,64
2019-20,District,Pierce,27320,Sumner School District,District Total,12th Grade,788,383,0,405,14,16,10,88,5,62,593,15,0,36,19,225,1,11,33,49,105,773,781,752,769,563,787,777,755,739,683
2019-20,District,Yakima,39201,Sunnyside School District,District Total,12th Grade,488,251,0,237,0,0,2,455,0,2,29,103,0,0,15,354,91,6,25,6,71,385,485,488,473,134,397,482,463,482,417
2019-20,District,Kitsap,18902,Suquamish Tribal Education Department,District Total,12th Grade,15,8,0,7,8,0,0,1,0,6,0,0,0,0,0,15,4,0,0,1,4,15,15,15,15,0,11,15,15,14,11
2019-20,District,Pierce,27010,Tacoma School District,District Total,12th Grade,2264,1118,1,1145,25,269,338,411,71,221,929,67,29,2,125,1251,3,23,192,112,332,2197,2235,2262,2139,1013,2261,2241,2072,2152,1932
2019-20,District,Grays Harbor,14077,Taholah School District,District Total,12th Grade,16,8,0,8,10,0,0,2,0,4,0,0,0,0,2,11,3,0,2,0,2,16,16,16,14,5,13,16,14,16,14
2019-20,District,King,17409,Tahoma School District,District Total,12th Grade,697,329,2,366,2,35,17,62,2,62,517,6,0,9,3,92,0,11,34,65,82,691,693,688,694,605,697,686,663,632,615
2019-20,District,Whitman,38265,Tekoa School District,District Total,12th Grade,10,6,0,4,1,0,0,1,0,0,8,0,0,0,0,7,0,0,0,0,2,10,10,10,10,3,10,10,10,10,8
2019-20,District,Thurston,34402,Tenino School District,District Total,12th Grade,110,54,0,56,1,1,0,5,1,2,100,0,0,0,0,44,0,2,11,6,11,110,109,110,110,66,110,108,99,104,99
2019-20,District,Kittitas,19400,Thorp School District,District Total,12th Grade,15,9,0,6,0,0,0,0,0,0,15,0,0,0,0,7,0,2,1,1,0,15,15,15,15,8,15,13,14,14,15
2019-20,District,Lewis,21237,Toledo School District,District Total,12th Grade,72,37,0,35,1,1,0,3,0,6,61,0,0,0,11,38,0,0,3,3,17,72,72,72,61,34,72,72,69,69,55
2019-20,District,Okanogan,24404,Tonasket School District,District Total,12th Grade,76,35,0,41,1,0,0,28,0,6,41,4,0,0,1,52,18,1,3,3,7,72,76,76,75,24,58,75,73,73,69
2019-20,District,Yakima,39202,Toppenish School District,District Total,12th Grade,484,237,0,247,30,5,7,260,1,3,178,89,0,14,10,330,57,0,71,8,52,395,483,470,474,154,427,484,413,476,432
2019-20,District,Cowlitz,8130,Toutle Lake School District,District Total,12th Grade,44,21,0,23,0,0,0,3,0,2,39,0,0,5,1,12,0,0,3,4,0,44,44,39,43,32,44,44,41,40,44
2019-20,District,Klickitat,20400,Trout Lake School District,District Total,12th Grade,11,9,0,2,0,0,0,2,0,0,9,1,0,2,0,0,0,0,0,0,2,10,11,9,11,11,11,11,11,11,9
2019-20,District,King,17406,Tukwila School District,District Total,12th Grade,267,145,1,121,0,97,69,52,9,13,27,66,0,0,11,180,0,0,15,9,26,201,266,267,256,87,267,267,252,258,241
2019-20,District,Thurston,34033,Tumwater School District,District Total,12th Grade,781,371,2,408,4,14,23,118,8,50,564,10,10,48,30,228,3,11,24,41,90,771,771,733,751,553,778,770,757,740,691
2019-20,District,Pierce,27083,University Place School District,District Total,12th Grade,414,197,0,217,3,66,35,48,8,58,196,13,0,18,7,137,0,17,12,27,35,401,412,396,407,277,414,397,402,387,379
2019-20,District,Stevens,33070,Valley School District,District Total,12th Grade,12,7,0,5,0,0,0,1,0,1,10,0,0,1,3,8,0,0,0,0,0,12,12,11,9,4,12,12,12,12,12
2019-20,District,Clark,6037,Vancouver School District,District Total,12th Grade,1754,894,0,860,10,65,50,445,38,113,1033,143,13,26,71,783,2,9,104,73,225,1611,1741,1728,1683,971,1752,1745,1650,1681,1529
2019-20,District,King,17402,Vashon Island School District,District Total,12th Grade,137,56,0,81,1,4,0,12,0,6,114,7,0,6,3,32,0,2,1,11,16,130,137,131,134,105,137,135,136,126,121
2019-20,District,Wahkiakum,35200,Wahkiakum School District,District Total,12th Grade,42,18,0,24,1,2,0,2,0,3,34,2,0,0,10,29,0,1,3,4,9,40,41,42,32,13,42,41,39,38,33
2019-20,District,Grant,13073,Wahluke School District,District Total,12th Grade,133,74,0,59,1,0,0,127,0,0,5,42,0,0,10,118,68,0,6,2,15,91,133,133,123,15,65,133,127,131,118
2019-20,District,Walla Walla,36401,Waitsburg School District,District Total,12th Grade,28,10,0,18,0,0,0,3,0,1,24,0,0,0,1,14,0,2,0,4,2,28,27,28,27,14,28,26,28,24,26
2019-20,District,Walla Walla,36140,Walla Walla Public Schools,District Total,12th Grade,570,299,1,270,3,6,5,234,0,16,306,31,0,41,24,314,16,4,27,25,68,539,567,529,546,256,554,566,543,545,502
2019-20,District,Yakima,39207,Wapato School District,District Total,12th Grade,229,115,0,114,44,6,0,160,1,8,10,70,0,13,17,202,56,2,18,6,16,159,229,216,212,27,173,227,211,223,213
2019-20,District,Grant,13146,Warden School District,District Total,12th Grade,56,28,0,28,0,0,0,42,0,4,10,8,0,2,2,36,17,0,3,0,7,48,56,54,54,20,39,56,53,56,49
2019-20,District,Thurston,34975,Washington Center for Deaf and Hard of Hearing Youth,District Total,12th Grade,15,6,0,9,0,1,1,6,0,0,7,0,0,0,0,10,0,0,0,1,12,15,15,15,15,5,15,15,15,14,3
2019-20,District,Thurston,34979,Washington Military Department,District Total,12th Grade,12,2,0,10,0,0,2,5,0,0,5,0,0,0,0,12,0,0,12,1,11,12,11,12,12,0,12,12,0,11,1
2019-20,District,Clark,6112,Washougal School District,District Total,12th Grade,290,143,0,147,0,8,6,31,0,15,230,5,0,1,7,101,0,5,16,20,52,285,288,289,283,189,290,285,274,270,238
2019-20,District,Adams,1109,Washtucna School District,District Total,12th Grade,3,3,0,0,0,0,0,0,0,0,3,0,0,1,0,2,0,0,0,0,1,3,3,2,3,1,3,3,3,3,2
2019-20,District,Douglas,9209,Waterville School District,District Total,12th Grade,27,8,1,18,0,0,0,11,0,2,14,5,0,2,1,15,4,0,1,0,6,22,27,25,26,12,23,27,26,27,21
2019-20,District,Stevens,33049,Wellpinit School District #49,District Total,12th Grade,56,19,1,36,21,0,2,9,0,2,22,5,0,0,8,31,5,0,21,0,6,51,55,56,48,25,51,56,35,56,50
2019-20,District,Chelan,4246,Wenatchee School District,District Total,12th Grade,751,342,0,409,1,9,3,332,0,28,378,87,0,72,58,411,93,5,44,23,85,664,745,679,693,340,658,746,707,728,666
2019-20,District,Spokane,32363,West Valley School District (Spokane),District Total,12th Grade,428,147,108,173,1,4,11,36,2,40,334,10,0,29,31,263,0,0,31,20,64,418,426,399,397,165,428,428,397,408,364
2019-20,District,Yakima,39208,West Valley School District (Yakima),District Total,12th Grade,454,215,1,238,3,7,6,140,3,11,284,22,0,0,5,164,5,7,45,13,23,432,451,454,449,290,449,447,409,441,431
2019-20,District,Lewis,21303,White Pass School District,District Total,12th Grade,35,15,0,20,1,0,0,1,0,0,33,0,0,0,3,25,0,0,1,1,7,35,34,35,32,10,35,35,34,34,28
2019-20,District,Pierce,27416,White River School District,District Total,12th Grade,320,148,0,172,0,6,2,33,1,15,263,1,0,18,8,80,0,2,10,17,58,319,319,302,312,240,320,318,310,303,262
2019-20,District,Klickitat,20405,White Salmon Valley School District,District Total,12th Grade,105,48,0,57,0,1,0,36,0,3,65,5,0,8,5,47,4,2,4,6,16,100,104,97,100,58,101,103,101,99,89
2019-20,District,Lincoln,22200,Wilbur School District,District Total,12th Grade,21,7,0,14,1,0,0,2,0,1,17,0,0,0,0,7,0,0,2,0,3,21,21,21,21,14,21,21,19,21,18
2019-20,District,Pacific,25160,Willapa Valley School District,District Total,12th Grade,30,15,0,15,0,0,0,7,0,2,21,0,0,1,0,11,0,1,1,1,6,30,30,29,30,19,30,29,29,29,24
2019-20,District,Grant,13167,Wilson Creek School District,District Total,12th Grade,9,3,0,6,0,0,0,2,0,0,7,0,0,0,0,3,0,0,1,0,0,9,9,9,9,6,9,9,8,9,9
2019-20,District,Lewis,21232,Winlock School District,District Total,12th Grade,50,19,0,31,0,0,0,11,0,3,36,3,0,0,1,48,3,0,3,2,4,47,49,50,49,2,47,50,47,48,46
2019-20,District,Grays Harbor,14117,Wishkah Valley School District,District Total,12th Grade,18,9,0,9,0,0,0,1,0,0,17,0,0,0,1,8,0,0,3,0,2,18,18,18,17,10,18,18,15,18,16
2019-20,District,Klickitat,20094,Wishram School District,District Total,12th Grade,5,2,0,3,0,0,0,2,0,0,3,0,0,0,0,5,0,0,2,1,1,5,5,5,5,0,5,5,3,4,4
2019-20,District,Cowlitz,8404,Woodland School District,District Total,12th Grade,219,111,0,108,1,4,1,40,0,4,169,12,0,15,8,108,0,3,13,11,38,207,218,204,211,111,219,216,206,208,181
2019-20,District,Yakima,39007,Yakima School District,District Total,12th Grade,1374,694,0,680,14,10,9,1080,0,47,214,332,16,54,49,1045,154,5,133,41,150,1042,1358,1320,1325,329,1220,1369,1241,1333,1224
2019-20,District,Thurston,34002,Yelm School District,District Total,12th Grade,434,225,1,208,3,7,7,66,6,45,300,7,0,22,10,187,3,26,27,25,50,427,429,412,424,247,431,408,407,409,384
2019-20,District,Yakima,39205,Zillah School District,District Total,12th Grade,94,34,0,60,3,0,0,48,0,4,39,3,0,3,3,49,5,1,0,2,10,91,93,91,91,45,89,93,94,92,84